-4.911827,	18.693985,	40.867622
-4.822536,	18.639458,	39.947231
-4.615288,	18.640244,	39.965870
-4.407881,	18.641167,	39.986317
-4.200486,	18.642103,	40.007355
-3.993229,	18.643019,	40.027931
-3.786283,	18.643833,	40.046806
-3.579764,	18.644485,	40.062878
-3.373713,	18.644936,	40.075554
-3.168177,	18.645151,	40.084194
-2.963084,	18.645151,	40.089050
-2.758369,	18.644932,	40.090397
-2.553983,	18.644518,	40.088623
-2.349816,	18.643984,	40.084499
-2.145802,	18.643351,	40.078423
-1.941922,	18.642593,	40.070797
-1.738069,	18.641788,	40.062260
-1.534226,	18.640961,	40.053135
-1.330430,	18.640087,	40.043365
-1.126614,	18.639202,	40.033337
-0.922826,	18.638288,	40.022919
-0.719024,	18.637379,	40.012371
-0.515225,	18.636433,	40.001568
-0.311421,	18.635504,	39.990627
-0.107639,	18.634541,	39.979370
0.096117,	18.633577,	39.967846
0.299823,	18.632542,	39.955750
0.503497,	18.631512,	39.943188
0.707095,	18.630442,	39.929974
0.910625,	18.629316,	39.915916
1.114058,	18.628119,	39.900826
1.317387,	18.626890,	39.884678
1.520604,	18.625551,	39.867180
1.723697,	18.624132,	39.848248
1.926683,	18.622629,	39.827820
2.129544,	18.621046,	39.805828
2.332292,	18.619356,	39.782150
2.534928,	18.617559,	39.756786
2.737468,	18.615673,	39.729866
2.939933,	18.613707,	39.701447
3.142324,	18.611654,	39.671665
3.344677,	18.609535,	39.640720
3.546984,	18.607347,	39.608803
3.749288,	18.605143,	39.576298
3.951578,	18.602888,	39.543282
4.153882,	18.600630,	39.510136
4.356241,	18.598394,	39.477245
4.558637,	18.596184,	39.444748
4.761110,	18.594023,	39.413029
4.963655,	18.591909,	39.382221
5.166296,	18.589878,	39.352646
5.369069,	18.587915,	39.324509
5.571951,	18.586029,	39.297802
5.774967,	18.584255,	39.272648
5.978142,	18.582584,	39.249321
6.181443,	18.581005,	39.227547
6.384910,	18.579512,	39.207474
6.588544,	18.578146,	39.189217
6.792342,	18.576872,	39.172516
6.996296,	18.575686,	39.157383
7.200408,	18.574577,	39.143616
7.404651,	18.573544,	39.131153
7.609041,	18.572565,	39.119801
7.813564,	18.571688,	39.109673
8.018167,	18.570810,	39.100147
8.222882,	18.570019,	39.091457
8.427678,	18.569239,	39.083359
8.632553,	18.568483,	39.075855
8.837499,	18.567768,	39.068798
9.042490,	18.567076,	39.062069
9.247531,	18.566399,	39.055603
35.257523,	18.573147,	39.805309
35.463531,	18.572472,	39.798828
35.669533,	18.571760,	39.792030
35.875534,	18.571058,	39.785095
36.081509,	18.570314,	39.777710
36.287472,	18.569563,	39.769932
36.493404,	18.568779,	39.761566
36.699303,	18.567938,	39.752495
36.905167,	18.567039,	39.742584
37.110996,	18.566128,	39.731880
37.316780,	18.565140,	39.720146
37.522522,	18.564060,	39.707188
37.728218,	18.562935,	39.692921
37.933880,	18.561714,	39.677429
38.139507,	18.560431,	39.660439
38.345093,	18.559021,	39.641903
38.550671,	18.557552,	39.622005
38.756233,	18.556004,	39.600677
38.961788,	18.554329,	39.577877
39.167351,	18.552626,	39.553894
39.372932,	18.550850,	39.528816
39.578518,	18.548992,	39.502647
39.784142,	18.547108,	39.475761
39.989792,	18.545191,	39.448292
40.195469,	18.543242,	39.420307
40.401173,	18.541273,	39.392132
40.606911,	18.539314,	39.363892
40.812683,	18.537357,	39.335785
41.018486,	18.535410,	39.307873
41.224323,	18.533472,	39.280289
41.430202,	18.531609,	39.253475
41.636108,	18.529751,	39.227123
41.842045,	18.527922,	39.201225
42.048016,	18.526119,	39.175850
42.254017,	18.524361,	39.151119
42.460060,	18.522633,	39.127110
42.666138,	18.520967,	39.103802
42.872238,	18.519321,	39.080956
43.078362,	18.517706,	39.058758
43.284534,	18.516144,	39.037270
43.490726,	18.514620,	39.016563
43.696953,	18.513145,	38.996635
43.903210,	18.511724,	38.977680
44.109501,	18.510349,	38.959637
44.315826,	18.509066,	38.942749
44.522194,	18.507830,	38.926971
44.728596,	18.506672,	38.912357
44.935051,	18.505575,	38.898914
45.141560,	18.504572,	38.886761
45.348110,	18.503613,	38.875652
45.554722,	18.502710,	38.865654
45.761383,	18.501871,	38.856621
45.968102,	18.501093,	38.848499
46.174877,	18.500380,	38.841278
46.381706,	18.499676,	38.834656
46.588573,	18.499020,	38.828411
46.795486,	18.498354,	38.822308
47.002419,	18.497694,	38.816200
47.209362,	18.497026,	38.809902
47.416336,	18.496338,	38.803345
47.623318,	18.495640,	38.796463
47.830303,	18.494904,	38.789131
48.037304,	18.494150,	38.781345
48.244293,	18.493361,	38.773041
48.451283,	18.492544,	38.764286
48.658268,	18.491699,	38.755077
48.865257,	18.490835,	38.745544
49.072247,	18.489952,	38.735821
49.279224,	18.489065,	38.725769
49.486210,	18.488161,	38.715721
49.693203,	18.487270,	38.705669
49.900200,	18.486401,	38.695744
50.107201,	18.485514,	38.685890
50.314209,	18.484634,	38.676231
50.521240,	18.483786,	38.666893
50.728283,	18.482948,	38.657818
50.935349,	18.482143,	38.649128
51.142429,	18.481339,	38.640705
51.349529,	18.480577,	38.632660
51.556656,	18.479805,	38.624889
51.763798,	18.479065,	38.617435
51.970966,	18.478359,	38.610298
52.178158,	18.477646,	38.603367
52.385365,	18.476957,	38.596691
52.592594,	18.476261,	38.590153
52.799835,	18.475567,	38.583614
53.007092,	18.474911,	38.577328
68.371872,	18.514826,	39.628017
68.579506,	18.514130,	39.621571
68.787140,	18.513454,	39.615044
68.994781,	18.512720,	39.608082
69.202431,	18.512014,	39.600971
69.410088,	18.511248,	39.593361
69.617752,	18.510487,	39.585346
69.825417,	18.509682,	39.576756
70.033089,	18.508835,	39.567520
70.240776,	18.507944,	39.557571
70.448471,	18.506998,	39.546787
70.656197,	18.506027,	39.535217
70.863922,	18.504963,	39.522560
71.071693,	18.503878,	39.509052
71.279488,	18.502712,	39.494389
71.487320,	18.501474,	39.478691
71.695198,	18.500202,	39.461952
71.903122,	18.498837,	39.444126
72.111099,	18.497431,	39.425323
72.319130,	18.495960,	39.405624
72.527214,	18.494425,	39.385029
72.735352,	18.492891,	39.363903
72.943535,	18.491314,	39.342400
73.151779,	18.489719,	39.320576
73.360054,	18.488131,	39.298687
73.568359,	18.486557,	39.276924
73.776695,	18.484982,	39.255363
73.985046,	18.483444,	39.234447
74.193398,	18.481947,	39.214249
74.401764,	18.480497,	39.194958
74.610115,	18.479136,	39.176823
74.818451,	18.477819,	39.159863
75.026787,	18.476604,	39.144314
75.235092,	18.475451,	39.130070
75.443390,	18.474411,	39.117302
75.651657,	18.473440,	39.105896
75.859917,	18.472528,	39.095791
76.068169,	18.471706,	39.086906
76.276405,	18.470953,	39.079189
76.484634,	18.470249,	39.072441
76.692856,	18.469582,	39.066479
76.901077,	18.468975,	39.061283
77.109299,	18.468395,	39.056538
77.317528,	18.467836,	39.052185
77.525749,	18.467281,	39.047966
77.733986,	18.466759,	39.043861
77.942230,	18.466194,	39.039581
78.150490,	18.465620,	39.035038
78.358765,	18.465044,	39.030228
78.567055,	18.464432,	39.024975
78.775368,	18.463791,	39.019268
78.983696,	18.463135,	39.013103
79.192055,	18.462427,	39.006500
79.400436,	18.461720,	38.999432
79.608833,	18.460960,	38.991859
79.817261,	18.460199,	38.983887
80.025711,	18.459394,	38.975540
80.234184,	18.458609,	38.967049
80.442673,	18.457777,	38.958248
80.651184,	18.456951,	38.949383
80.859703,	18.456123,	38.940517
81.068237,	18.455296,	38.931717
81.276787,	18.454483,	38.923046
81.485336,	18.453688,	38.914566
81.693901,	18.452894,	38.906284
81.902466,	18.452106,	38.898201
82.111031,	18.451349,	38.890434
82.319618,	18.450619,	38.882923
82.528206,	18.449879,	38.875618
82.736794,	18.449152,	38.868568
82.945389,	18.448441,	38.861713
83.153992,	18.447762,	38.855110
83.362595,	18.447081,	38.848640
83.571213,	18.446405,	38.842304
83.779839,	18.445715,	38.836037
83.988472,	18.445065,	38.829956
84.197113,	18.444408,	38.823944
84.405769,	18.443747,	38.817867
84.614433,	18.443104,	38.811916
84.823112,	18.442448,	38.805969
85.031792,	18.441786,	38.800159
85.240486,	18.441145,	38.794407
85.449196,	18.440504,	38.788658
85.657906,	18.439865,	38.782906
85.866631,	18.439245,	38.777214
86.075371,	18.438585,	38.771404
86.284126,	18.437946,	38.765656
86.492882,	18.437307,	38.759907
86.701653,	18.436668,	38.754162
86.910439,	18.436031,	38.748413
87.119240,	18.435392,	38.742664
87.328041,	18.434755,	38.736919
87.536865,	18.434097,	38.731113
87.745705,	18.433445,	38.725178
87.954552,	18.432783,	38.719177
88.163414,	18.432127,	38.713112
88.372299,	18.431463,	38.706913
88.581200,	18.430775,	38.700531
88.790115,	18.430101,	38.694008
88.999054,	18.429394,	38.687237
89.208015,	18.428659,	38.680080
89.417007,	18.427921,	38.672665
89.626038,	18.427160,	38.664791
89.835091,	18.426353,	38.656345
90.044189,	18.425526,	38.647312
90.253326,	18.424627,	38.637512
90.462524,	18.423716,	38.626995
90.671768,	18.422729,	38.615517
90.881096,	18.421694,	38.603069
91.090477,	18.420589,	38.589523
91.299919,	18.419420,	38.574883
91.509460,	18.418194,	38.559143
91.719070,	18.416891,	38.542248
91.928764,	18.415514,	38.524193
92.138535,	18.414097,	38.505165
92.348381,	18.412600,	38.485111
92.558281,	18.411068,	38.464283
92.768227,	18.409496,	38.443005
92.978203,	18.407921,	38.421402
93.188194,	18.406336,	38.399670
93.398186,	18.404743,	38.377945
93.608170,	18.403191,	38.356594
93.818115,	18.401651,	38.335770
94.028030,	18.400158,	38.315720
94.237869,	18.398737,	38.296696
94.447632,	18.397388,	38.278900
94.657326,	18.396097,	38.262402
94.866936,	18.394911,	38.247509
95.076454,	18.393816,	38.234238
95.285873,	18.392857,	38.222820
95.495209,	18.391975,	38.213161
95.704460,	18.391220,	38.205299
95.913643,	18.390560,	38.199249
96.122749,	18.390003,	38.195080
96.331795,	18.389545,	38.192654
96.540779,	18.389217,	38.192024
96.749710,	18.388969,	38.192951
96.958626,	18.388800,	38.195305
97.167496,	18.388721,	38.199009
97.376366,	18.388708,	38.203751
97.585228,	18.388744,	38.209328
97.794113,	18.388786,	38.215370
98.003006,	18.388855,	38.221668
98.211937,	18.388916,	38.227840
98.420921,	18.388952,	38.233559
98.629967,	18.388962,	38.238560
98.839088,	18.388866,	38.242287
99.048294,	18.388716,	38.244648
99.257591,	18.388432,	38.245281
99.467018,	18.388062,	38.243965
99.676567,	18.387535,	38.240402
99.886246,	18.386898,	38.234634
100.096062,	18.386129,	38.226612
100.306030,	18.385204,	38.216339
100.516113,	18.384174,	38.204063
100.726326,	18.383051,	38.189976
100.936630,	18.381821,	38.174347
101.147026,	18.380522,	38.157425
101.357483,	18.379139,	38.139481
101.567986,	18.377769,	38.121071
101.778511,	18.376339,	38.102154
101.989029,	18.374910,	38.083241
102.199539,	18.373507,	38.064510
102.410019,	18.372131,	38.046234
102.620461,	18.370777,	38.028477
102.830856,	18.369452,	38.011433
103.041191,	18.368202,	37.995281
103.251480,	18.366974,	37.979916
103.461708,	18.365839,	37.965637
103.671906,	18.364735,	37.952206
103.882042,	18.363714,	37.939793
104.092148,	18.362701,	37.928173
104.302223,	18.361765,	37.917316
104.512260,	18.360861,	37.907242
104.722290,	18.360014,	37.897934
104.932297,	18.359190,	37.889217
105.142281,	18.358410,	37.881073
105.352272,	18.357643,	37.873390
105.562248,	18.356915,	37.866154
105.772240,	18.356201,	37.859177
105.982216,	18.355486,	37.852467
106.192207,	18.354830,	37.846066
111.545578,	18.425901,	39.179489
111.755379,	18.425230,	39.173084
111.965202,	18.424519,	39.166428
112.175056,	18.423811,	39.159508
112.384926,	18.423090,	39.152328
112.594849,	18.422333,	39.144707
112.804787,	18.421558,	39.136623
113.014786,	18.420738,	39.127968
113.224846,	18.419867,	39.118477
113.434967,	18.418968,	39.108269
113.645157,	18.417994,	39.097103
113.855431,	18.416994,	39.085022
114.065804,	18.415897,	39.071728
114.276276,	18.414734,	39.057274
114.486885,	18.413504,	39.041531
114.697632,	18.412172,	39.024376
114.908508,	18.410786,	39.005859
115.119553,	18.409298,	38.985806
115.330757,	18.407724,	38.964268
115.542145,	18.406040,	38.941128
115.753708,	18.404293,	38.916569
115.965439,	18.402456,	38.890659
116.177361,	18.400524,	38.863342
116.389435,	18.398550,	38.834927
116.601662,	18.396477,	38.805367
116.814041,	18.394377,	38.774963
117.026505,	18.392237,	38.743916
117.239082,	18.390062,	38.712429
117.451706,	18.387877,	38.680683
117.664352,	18.385710,	38.649059
117.876984,	18.383572,	38.617889
118.089539,	18.381456,	38.587502
118.302010,	18.379421,	38.558205
118.514336,	18.377453,	38.530262
118.726547,	18.375576,	38.503670
118.938576,	18.373804,	38.478813
119.150429,	18.372133,	38.455830
119.362076,	18.370604,	38.434895
119.573547,	18.369181,	38.415962
119.784813,	18.367870,	38.399094
119.995903,	18.366692,	38.384281
120.206825,	18.365629,	38.371468
120.417610,	18.364674,	38.360458
120.628265,	18.363823,	38.351189
120.838814,	18.363049,	38.343342
121.049286,	18.362347,	38.336716
121.259712,	18.361708,	38.331059
121.470108,	18.361116,	38.326111
121.680519,	18.360548,	38.321484
121.890945,	18.359970,	38.316864
122.101448,	18.359369,	38.311989
122.312019,	18.358744,	38.306602
122.522675,	18.358080,	38.300568
122.733459,	18.357368,	38.293568
122.944351,	18.356590,	38.285477
123.155373,	18.355747,	38.276222
123.366524,	18.354824,	38.265751
123.577812,	18.353806,	38.254066
123.789192,	18.352758,	38.241470
124.000671,	18.351643,	38.227917
124.212212,	18.350515,	38.213772
124.423828,	18.349337,	38.198986
124.635460,	18.348146,	38.183945
124.847122,	18.346943,	38.168777
125.058769,	18.345745,	38.153675
125.270409,	18.344545,	38.138638
125.482010,	18.343372,	38.123981
125.693558,	18.342234,	38.109909
125.905029,	18.341135,	38.096478
126.116447,	18.340075,	38.083691
126.327782,	18.339071,	38.071735
126.539055,	18.338100,	38.060562
126.750237,	18.337183,	38.050289
126.961327,	18.336336,	38.040974
127.172333,	18.335543,	38.032562
127.383217,	18.334806,	38.025379
127.594009,	18.334122,	38.019100
127.804688,	18.333515,	38.013973
128.015244,	18.332985,	38.010136
128.225677,	18.332525,	38.007587
128.436005,	18.332146,	38.006325
128.646133,	18.331882,	38.006794
128.856110,	18.331678,	38.008755
129.065933,	18.331591,	38.012516
129.275574,	18.331635,	38.018135
129.485062,	18.331755,	38.025440
129.694351,	18.332010,	38.034599
129.903503,	18.332363,	38.045700
130.112457,	18.332832,	38.058861
130.321228,	18.333447,	38.074341
130.529846,	18.334175,	38.091751
130.738327,	18.335020,	38.111164
130.946655,	18.335974,	38.132511
131.154831,	18.337061,	38.155853
131.362900,	18.338242,	38.180935
131.570847,	18.339523,	38.207630
131.778702,	18.340883,	38.235744
131.986465,	18.342325,	38.265144
132.194153,	18.343826,	38.295513
132.401764,	18.345366,	38.326591
132.609314,	18.346907,	38.357929
132.816849,	18.348454,	38.389263
133.024353,	18.349966,	38.419949
133.231873,	18.351423,	38.449661
133.439423,	18.352779,	38.477760
133.647049,	18.354013,	38.503658
133.854813,	18.355089,	38.526783
134.062759,	18.355940,	38.546429
134.430923,	18.268160,	37.070263
134.641342,	18.268482,	37.080780
134.852295,	18.268496,	37.086220
135.063843,	18.268181,	37.086327
135.275986,	18.267546,	37.080894
135.488785,	18.266603,	37.069923
135.702271,	18.265320,	37.053432
135.916382,	18.263716,	37.031670
135.955841,	18.350294,	38.497086
136.169586,	18.348118,	38.465664
136.383957,	18.345739,	38.430447
136.598938,	18.343145,	38.392036
136.814392,	18.340435,	38.351246
137.030212,	18.337616,	38.308666
137.246338,	18.334700,	38.264751
137.462631,	18.331747,	38.220264
137.679001,	18.328817,	38.175838
137.895370,	18.325878,	38.131683
138.111664,	18.323019,	38.088417
138.327805,	18.320210,	38.046249
138.543762,	18.317490,	38.005493
138.759476,	18.314875,	37.966469
138.974915,	18.312374,	37.929237
139.190079,	18.309986,	37.894005
139.404968,	18.307701,	37.860828
139.619537,	18.305546,	37.829842
139.833817,	18.303541,	37.801094
140.047775,	18.301676,	37.774593
140.261490,	18.299904,	37.750027
140.474945,	18.298265,	37.727581
140.688156,	18.296751,	37.707188
140.901138,	18.295359,	37.688725
141.113937,	18.294048,	37.671940
141.326538,	18.292860,	37.656818
141.539017,	18.291752,	37.643181
141.751343,	18.290705,	37.630772
141.963562,	18.289738,	37.619579
142.175690,	18.288837,	37.609482
142.387726,	18.287979,	37.600227
142.599731,	18.287149,	37.591618
142.811676,	18.286386,	37.583645
143.023575,	18.285633,	37.576126
143.235458,	18.284916,	37.569122
143.447311,	18.284199,	37.562386
143.659195,	18.283522,	37.555763
144.317368,	18.369207,	39.021591
144.528763,	18.368540,	39.015072
144.740204,	18.367815,	39.008247
144.951691,	18.367092,	39.001156
145.163223,	18.366331,	38.993622
145.374832,	18.365553,	38.985703
145.586472,	18.364754,	38.977261
145.798233,	18.363913,	38.968182
146.010071,	18.363045,	38.958454
146.222031,	18.362093,	38.947773
146.434113,	18.361099,	38.936253
146.646332,	18.360069,	38.923763
146.858719,	18.358953,	38.910126
147.071274,	18.357771,	38.895393
147.284012,	18.356539,	38.879570
147.496948,	18.355196,	38.862408
147.710037,	18.353836,	38.844334
147.923340,	18.352392,	38.825111
148.136826,	18.350872,	38.804874
148.350449,	18.349342,	38.783981
148.564224,	18.347761,	38.762390
148.778091,	18.346132,	38.740292
148.992035,	18.344534,	38.718056
149.206055,	18.342878,	38.695644
149.420059,	18.341267,	38.673485
149.634064,	18.339649,	38.651588
149.848007,	18.338091,	38.630329
150.061890,	18.336555,	38.609653
150.275650,	18.335094,	38.589867
150.489304,	18.333673,	38.570988
150.702866,	18.332294,	38.552883
150.916306,	18.330959,	38.535679
151.129623,	18.329681,	38.519440
151.342819,	18.328466,	38.504162
151.555878,	18.327312,	38.489780
151.768845,	18.326212,	38.476234
151.981735,	18.325140,	38.463333
152.194550,	18.324091,	38.450951
152.407318,	18.323078,	38.439014
152.620087,	18.322073,	38.427273
152.832809,	18.321100,	38.415714
153.045609,	18.320091,	38.403976
153.258438,	18.319084,	38.392040
153.471359,	18.318037,	38.379662
153.684372,	18.316950,	38.366707
153.897507,	18.315855,	38.353168
154.110779,	18.314686,	38.338737
154.324203,	18.313477,	38.323471
154.537811,	18.312210,	38.307243
154.751572,	18.310905,	38.290112
154.965515,	18.309523,	38.271961
155.179596,	18.308096,	38.253040
155.393845,	18.306591,	38.233101
155.608246,	18.305075,	38.212448
155.822769,	18.303497,	38.191093
156.037399,	18.301901,	38.169224
156.252106,	18.300257,	38.146915
156.466827,	18.298628,	38.124535
156.681549,	18.296999,	38.102154
156.896225,	18.295382,	38.080029
157.110855,	18.293791,	38.058357
157.325378,	18.292238,	38.037327
157.539780,	18.290731,	38.017063
157.754028,	18.289263,	37.997707
157.968109,	18.287901,	37.979557
158.182053,	18.286551,	37.962318
158.395782,	18.285313,	37.946419
158.609375,	18.284128,	37.931614
158.822800,	18.283009,	37.917904
159.036087,	18.281952,	37.905281
159.249222,	18.280973,	37.893749
159.462265,	18.280014,	37.882999
159.675186,	18.279140,	37.873199
159.888046,	18.278294,	37.864052
160.100800,	18.277483,	37.855541
160.313538,	18.276697,	37.847553
160.526199,	18.275949,	37.840012
160.738861,	18.275198,	37.832798
160.951462,	18.274508,	37.826023
161.164078,	18.273788,	37.819328
161.376663,	18.273115,	37.812943
168.999374,	18.337561,	39.089634
169.211899,	18.336895,	39.083305
169.424469,	18.336206,	39.076725
169.637070,	18.335482,	39.069901
169.849731,	18.334761,	39.062809
170.062469,	18.334002,	39.055271
170.275284,	18.333225,	39.047352
170.488174,	18.332428,	39.038910
170.701187,	18.331572,	39.029774
170.914307,	18.330687,	39.019993
171.127609,	18.329741,	39.009315
171.341034,	18.328753,	38.997803
171.554672,	18.327690,	38.985207
171.768494,	18.326605,	38.971634
171.982544,	18.325413,	38.956856
172.196777,	18.324184,	38.941177
172.411285,	18.322859,	38.924164
172.626022,	18.321470,	38.906059
172.840958,	18.320045,	38.886986
173.056107,	18.318542,	38.866962
173.271439,	18.317019,	38.846230
173.486938,	18.315422,	38.824806
173.702530,	18.313848,	38.803177
173.918198,	18.312233,	38.781242
174.133911,	18.310637,	38.759434
174.349609,	18.309057,	38.737812
174.565262,	18.307478,	38.716656
174.780853,	18.305927,	38.695881
174.996307,	18.304453,	38.675995
175.211655,	18.303013,	38.656887
175.426819,	18.301636,	38.638802
175.641800,	18.300318,	38.621742
175.856598,	18.299070,	38.605839
176.071198,	18.297876,	38.591026
176.285583,	18.296764,	38.577431
176.499786,	18.295717,	38.564922
176.713791,	18.294741,	38.553570
176.927628,	18.293819,	38.543243
177.141296,	18.292961,	38.533878
177.354797,	18.292145,	38.525414
177.568192,	18.291370,	38.517658
177.781494,	18.290653,	38.510597
177.994690,	18.289951,	38.503994
178.207840,	18.289274,	38.497772
178.420959,	18.288616,	38.491741
178.634094,	18.287941,	38.485786
178.847214,	18.287300,	38.479813
179.060394,	18.286621,	38.473660
179.273636,	18.285933,	38.467251
179.486923,	18.285244,	38.460644
179.700272,	18.284533,	38.453785
179.708588,	18.347034,	39.511562
179.931808,	18.343424,	39.455795
180.154221,	18.340059,	39.404655
